9 12 9 10 5 12 9 12 9 6 9 13 12 9 10 5 5 13 13 3
7 13 9 7 6 12 3 7 15 9 5 11 7 6 12 6 9 11 10 10
13 12 9 12 7 5 5 3 14 10 11 11 5 5 12 5 10 10 3 9
10 3 15 3 10 3 7 13 15 6 5 6 10 14 5 7 11 15 10 6
7 7 3 9 6 15 13 13 14 12 11 3 6 13 5 10 5 12 6 9
7 14 7 11 7 12 9 15 15 9 5 9 15 7 13 3 12 9 9 9
5 3 6 3 3 12 6 5 13 7 5 9 15 15 15 14 11 11 3 11
5 10 12 10 10 14 9 15 15 7 11 11 11 14 15 7 6 9 15 3
7 3 5 3 10 11 6 11 9 12 7 7 13 10 7 14 9 6 15 6
10 9 3 12 3 12 5 3 3 7 9 11 6 6 5 6 11 6 5 10
14 11 11 10 6 7 5 11 13 14 11 7 10 7 6 7 6 9 14 5
11 3 7 3 12 13 9 3 3 7 6 5 12 7 13 13 14 15 13 10
7 14 12 7 13 9 3 9 14 15 13 10 12 6 13 10 3 3 9 10
14 7 3 13 14 6 12 7 10 6 13 12 3 9 10 3 7 13 6 5
5 9 15 7 6 13 12 11 14 6 5 7 9 14 15 13 14 7 11 10
10 6 6 9 11 14 6 11 6 15 3 11 5 14 9 10 6 12 15 7
9 7 3 15 6 11 15 3 12 14 6 7 6 13 13 5 6 9 15 12
9 13 6 11 15 15 14 9 5 15 7 11 14 13 7 3 15 9 6 9
11 7 9 3 15 9 10 7 14 6 9 13 3 11 9 5 7 3 9 14
3 5 9 12 14 10 11 14 14 10 3 3 13 11 10 14 7 3 3 6
