3 3 6 13 6 3 10 7 11 7 5 5 13 3 9 13 3 12 14 5 3 12 13 7 5 9 9 13 12 3 3 12 14 13 10 10 10 12 6 14 13 13 12 12 11 7 12 3 11 3
7 11 10 3 14 7 12 13 9 11 10 3 3 14 5 9 14 9 14 10 7 15 14 7 12 14 9 14 3 14 6 9 13 15 9 9 13 12 9 11 15 7 13 13 7 13 3 11 6 10
6 14 11 11 14 14 6 13 3 6 10 13 9 15 15 10 3 3 9 9 7 7 9 11 14 14 14 12 12 9 9 14 3 10 9 12 14 14 12 9 11 14 12 10 6 3 10 3 9 11
3 14 15 3 3 11 5 13 10 3 13 15 7 10 13 3 12 9 9 9 13 13 6 12 12 9 13 5 15 14 9 5 9 15 3 9 15 15 6 5 6 13 3 12 7 15 6 9 7 12
11 7 15 11 14 7 3 10 7 15 9 14 3 10 12 7 3 6 15 6 5 5 12 13 13 3 7 10 14 14 5 6 6 11 9 12 6 11 10 15 7 7 10 9 6 13 9 14 10 12
9 11 6 15 14 7 5 12 13 12 3 15 5 13 11 14 7 15 14 15 6 5 5 13 13 10 12 5 5 11 9 3 13 6 10 3 12 15 14 15 5 3 11 5 13 15 12 5 12 12
12 11 5 11 11 13 6 6 11 6 5 5 3 12 10 5 12 7 9 13 13 15 11 9 14 6 9 12 9 13 12 10 9 13 12 9 12 9 10 10 6 11 14 5 7 7 14 9 6 9
5 6 5 7 12 3 3 6 13 3 9 7 12 5 6 14 7 9 11 7 15 14 12 11 14 11 13 15 11 6 9 9 13 15 13 11 9 12 13 15 12 12 11 5 5 12 6 5 5 7
12 6 6 13 3 11 15 5 13 3 10 6 9 9 12 10 9 14 13 11 13 5 9 3 5 10 3 15 14 11 11 9 11 7 5 12 13 13 13 6 3 14 15 3 3 15 7 11 10 13
3 11 15 11 15 6 10 3 3 5 6 7 11 5 6 9 10 14 13 9 10 3 14 3 13 14 14 11 12 3 15 14 9 15 14 7 12 12 15 12 5 10 10 13 11 10 3 6 9 6
5 11 7 12 15 11 15 7 3 6 15 13 5 9 3 11 12 3 11 15 11 6 14 9 6 5 14 13 9 13 7 13 6 14 11 13 14 12 3 7 14 7 13 15 7 15 13 6 7 9
3 13 15 9 7 14 6 12 6 6 11 3 12 15 15 15 15 6 13 9 10 10 3 6 5 3 12 14 14 15 12 3 6 13 15 6 5 12 11 7 7 7 7 15 3 5 3 12 5 5
6 13 14 13 6 5 3 9 3 6 9 7 13 5 6 11 12 3 15 9 12 15 7 13 15 7 15 7 12 15 3 12 10 3 5 9 7 13 10 9 14 6 9 11 9 3 3 10 15 7
7 9 12 15 11 15 7 6 3 7 9 6 9 5 6 11 10 13 12 13 10 15 10 13 3 12 3 14 6 5 6 13 9 3 7 6 3 13 9 10 9 3 3 15 11 5 10 5 11 10
10 3 11 14 7 7 5 9 6 13 9 7 5 3 10 10 9 5 3 3 9 14 6 7 6 13 5 9 12 15 15 14 9 11 11 3 5 3 9 12 13 9 12 7 6 12 3 6 13 10
11 12 12 12 6 6 9 12 7 7 15 12 9 12 6 14 14 5 15 5 15 9 11 7 15 7 12 10 7 11 13 10 12 11 13 12 3 14 12 12 5 11 15 3 6 13 13 6 10 10
7 7 7 9 9 15 7 10 6 7 15 13 11 6 12 9 6 5 7 9 13 11 7 5 14 7 14 10 6 3 15 15 11 10 11 15 5 14 5 15 6 10 5 13 11 3 10 3 13 5
11 13 14 15 5 13 14 15 5 14 15 15 9 6 14 9 5 14 6 13 11 15 10 5 6 5 9 5 14 9 13 15 11 13 3 10 9 13 11 7 6 11 7 13 6 10 15 9 12 12
5 14 7 7 10 15 15 14 9 12 3 3 6 14 11 3 13 11 13 12 9 14 7 5 15 15 14 14 13 7 3 5 10 14 15 7 13 7 12 13 7 14 6 10 11 6 12 3 12 6
10 9 3 13 10 15 11 10 10 5 6 7 11 12 9 6 11 11 14 6 3 7 9 9 6 5 3 15 5 14 3 10 14 7 3 9 10 14 10 3 5 6 10 7 13 15 3 10 13 13
14 12 6 15 10 7 7 13 10 11 13 10 10 13 12 9 5 3 3 15 10 7 9 7 12 9 14 13 7 14 10 14 15 9 12 3 9 6 12 14 14 11 9 13 15 7 13 14 11 12
7 3 3 14 3 11 13 14 11 14 12 5 5 12 15 9 3 10 10 7 9 9 15 11 5 9 15 14 3 3 11 11 6 14 9 9 15 11 10 9 13 11 15 3 10 6 9 5 9 6
5 12 12 3 15 13 10 6 3 5 9 15 13 9 13 6 14 5 5 5 15 14 9 12 7 11 5 10 3 5 11 10 6 15 3 5 5 9 9 13 7 10 14 14 15 11 3 14 15 13
5 5 9 6 9 3 5 3 10 13 3 15 13 3 12 10 11 12 6 7 15 6 12 10 13 3 6 12 14 12 15 14 6 10 5 11 6 9 12 10 5 12 14 7 6 13 11 3 15 14
10 6 7 15 9 9 15 12 9 15 13 13 3 9 5 9 13 11 14 14 15 14 3 9 7 5 10 5 11 12 9 12 13 13 15 6 9 7 5 10 9 15 11 11 3 10 7 3 13 5
13 6 5 7 14 3 15 11 14 13 9 15 15 15 14 6 3 7 11 12 11 14 5 14 5 3 9 12 6 10 10 15 9 6 6 6 11 11 13 9 3 7 10 13 15 6 14 6 7 14
5 7 13 13 14 9 6 13 5 13 11 13 13 13 9 7 3 5 3 3 11 3 3 5 12 5 9 11 6 14 12 5 6 6 6 14 11 15 12 12 15 7 10 13 3 13 7 13 7 5
13 14 12 10 3 6 9 7 6 11 13 9 9 15 7 14 3 11 12 11 13 9 11 10 3 3 11 3 5 11 13 5 9 12 11 12 3 15 11 12 15 9 3 9 9 7 7 15 12 5
5 6 7 3 9 5 15 13 5 15 3 7 6 5 3 14 11 5 13 14 11 7 7 13 13 5 3 3 14 10 9 12 3 13 9 11 5 12 15 9 3 6 13 12 6 15 13 6 3 14
10 6 10 5 6 6 15 5 5 14 6 12 6 15 11 12 7 5 15 5 15 11 9 15 6 3 6 10 7 15 3 3 11 9 6 7 3 7 15 6 6 15 11 15 11 9 9 13 7 5
5 9 5 12 9 13 11 13 7 12 11 12 5 10 10 10 6 11 13 6 5 12 15 11 6 7 3 13 15 15 11 14 13 5 15 14 6 14 14 3 9 14 13 7 9 6 9 5 10 5
12 3 6 15 7 7 7 13 5 6 11 14 13 14 7 14 10 5 6 13 10 12 11 3 14 9 9 5 14 15 15 6 10 12 14 3 7 3 7 11 3 6 7 5 5 9 6 11 5 10
3 11 12 5 5 9 3 11 15 15 6 9 13 9 11 3 5 11 6 10 11 7 3 5 15 14 9 9 5 15 15 14 6 5 3 9 10 9 11 12 9 14 15 12 12 10 7 10 6 14
3 9 9 15 12 12 14 15 13 14 12 3 11 3 13 9 13 5 3 11 5 5 6 5 13 9 10 7 11 9 9 9 12 3 6 14 3 3 6 6 10 10 11 10 7 10 12 7 12 10
6 11 15 13 10 15 5 6 6 15 5 5 11 15 15 7 6 3 12 13 7 6 6 3 6 9 7 12 6 11 7 6 14 14 15 7 12 10 10 10 12 5 9 3 13 3 3 11 10 5
5 11 15 14 9 3 3 3 5 3 3 10 13 13 11 10 9 3 3 9 5 9 7 13 6 11 15 3 12 12 10 5 5 5 12 11 5 14 11 15 7 14 9 3 10 15 15 11 10 5
5 12 15 11 5 6 7 7 7 7 15 5 15 5 7 10 13 11 3 3 12 11 14 12 3 14 3 12 9 12 9 10 6 9 3 3 9 11 9 13 5 15 11 13 12 7 9 7 6 5
11 9 5 14 7 7 9 11 13 10 10 9 15 6 5 10 14 7 9 9 3 14 11 5 6 12 11 7 9 7 3 6 13 3 5 6 14 3 5 14 5 12 9 11 3 11 13 7 11 6
5 5 10 11 11 7 7 15 15 13 11 7 6 5 6 15 11 12 15 12 11 15 7 6 9 11 15 12 10 7 6 6 6 3 7 12 14 12 15 15 7 10 11 11 12 5 13 13 12 12
10 13 7 12 9 7 14 9 13 3 6 5 5 6 3 15 15 10 11 3 12 10 3 15 14 11 5 10 5 12 10 15 14 10 15 6 3 9 5 5 11 11 6 7 15 14 10 15 6 5
3 13 3 3 7 13 5 10 15 15 15 5 11 3 9 13 14 6 15 13 6 12 9 6 11 14 14 12 9 11 10 14 14 3 13 7 7 6 13 11 6 10 13 14 3 10 12 13 5 5
12 7 13 11 12 9 12 5 7 7 14 10 3 12 10 13 11 12 10 12 15 7 6 6 3 9 7 12 3 15 5 12 10 10 11 15 6 6 9 9 12 12 14 9 10 15 12 7 15 3
13 12 9 13 6 15 15 11 10 14 12 12 7 3 12 11 7 10 15 12 5 13 10 11 3 10 5 3 10 11 6 14 15 13 7 14 9 15 3 3 14 5 12 5 3 15 7 13 11 3
5 5 5 5 6 14 13 7 9 5 7 15 12 11 7 9 15 10 14 14 7 11 12 5 13 10 13 14 7 5 14 13 12 7 7 14 15 13 14 6 10 5 12 3 15 14 5 6 11 12
13 3 6 7 9 13 9 13 7 11 13 12 5 12 13 3 6 10 3 7 15 13 5 11 15 9 9 13 7 6 11 14 12 9 5 10 6 10 13 15 5 14 15 10 13 11 11 13 14 3
3 13 14 14 13 6 6 15 14 14 15 11 12 9 7 7 3 9 7 15 15 11 15 15 13 15 6 12 12 6 15 7 13 15 11 7 6 10 11 7 7 11 11 9 7 15 13 14 11 10
6 14 5 3 10 3 9 15 12 7 7 11 7 10 3 3 12 14 5 13 7 9 15 9 6 13 13 7 6 12 13 13 7 15 10 14 14 9 15 13 3 12 7 12 10 5 7 3 5 10
9 7 6 11 12 9 5 13 12 13 9 10 13 14 6 12 6 9 13 7 14 6 9 9 5 12 15 15 13 5 7 5 12 15 6 3 13 5 10 9 14 15 11 12 5 7 11 6 9 10
12 5 10 12 5 6 10 13 10 9 5 6 5 3 10 11 13 6 13 15 15 6 12 15 3 9 15 15 14 9 14 7 5 3 11 14 12 13 11 12 7 5 10 10 10 5 5 10 3 14
6 5 5 5 6 6 5 6 6 14 5 5 13 5 10 5 9 6 10 12 6 9 6 7 10 5 9 9 7 11 10 3 9 5 3 9 10 13 9 3 12 3 11 6 3 13 3 6 13 9
